0 0 0 0 0 0 0 0 0 0 0 0 0 0 0 0 0 0 0 0 0 0 0 0 0 0 0 0 0 0 0 0 0 0 0 0 0 0 0 0 0 0 0 0 0 0 0 0 0 0 0 0 0 0 0 0 0 0 0 0 0 0 0 0 0 0 0 0 0 0 0 0 0 0 0 0 0 0 0 0 0 0 0 0 0 0 0 0 0 0 0 0 0 0 0 0 0 0 0 0 0 0 0 0 0 0 0 0 0 0 0 0 0 0 0 0 0 0 0 0 0 0 0 0 0 0 0 0 0 0
0 0 0 0 0 0 0 0 0 0 0 0 0 0 0 0 0 0 0 0 0 0 0 0 0 0 0 0 0 0 0 0 0 0 0 0 0 0 0 0 0 0 0 0 0 0 0 0 0 0 0 0 0 0 0 0 0 0 0 0 0 0 0 0 3 7 4 0 3 7 7 7 7 7 4 0 0 0 0 0 0 0 0 0 0 0 0 0 0 0 0 0 0 0 0 0 0 0 0 0 0 0 0 0 0 0 0 0 0 0 0 0 0 0 0 0 0 0 0 0 0 0 0 0 0 0 0 0 0 0
0 0 0 0 0 0 0 0 0 0 0 0 0 0 0 0 0 0 0 0 0 0 0 0 0 0 0 0 0 0 0 0 0 0 0 3 7 7 7 7 7 4 0 0 0 3 7 7 7 7 7 7 4 0 0 3 7 7 7 7 7 4 0 0 8 21 8 0 8 9 9 9 9 9 8 0 0 0 0 0 0 0 0 0 0 0 0 0 0 0 0 0 0 0 0 0 0 0 0 0 0 0 0 0 0 0 0 0 0 0 0 0 0 0 0 0 0 0 0 0 0 0 0 0 0 0 0 0 0 0
0 0 0 0 0 0 0 0 0 0 0 0 0 0 0 0 0 0 0 0 0 0 0 0 0 0 0 0 0 0 0 0 0 0 0 8 9 21 11 17 9 8 0 0 0 8 9 9 9 9 9 9 8 0 0 8 9 9 9 9 9 8 0 0 8 12 8 0 8 9 21 12 10 9 8 0 0 0 0 0 0 0 0 0 0 0 0 0 0 0 0 0 0 0 0 0 0 0 0 0 0 0 0 0 0 0 0 0 0 0 0 0 0 0 0 0 0 0 0 0 0 0 0 0 0 0 0 0 0 0
0 0 0 0 0 0 0 0 0 0 0 0 0 0 0 0 0 0 0 0 0 0 0 0 0 0 0 0 0 0 0 0 0 0 0 8 9 9 9 9 9 8 0 0 0 8 9 9 21 11 18 9 8 0 0 8 9 21 11 19 9 8 0 0 8 11 8 0 8 9 9 9 9 9 8 0 0 0 0 0 0 0 0 0 0 0 0 0 0 0 0 0 0 0 0 0 0 0 0 0 0 0 0 0 0 0 0 0 0 0 0 0 0 0 0 0 0 0 0 0 0 0 0 0 0 0 0 0 0 0
0 0 0 0 3 7 7 7 7 7 7 7 7 7 7 7 4 0 0 0 0 0 0 0 0 0 0 0 0 0 0 0 0 0 0 5 7 7 7 7 7 6 0 0 0 8 9 9 9 9 9 9 8 0 0 8 9 9 9 9 9 8 0 0 5 7 6 0 8 9 9 9 9 9 8 0 0 0 0 0 0 0 0 0 0 0 0 0 0 0 0 0 0 0 0 0 0 0 0 0 0 0 0 0 0 0 0 0 0 0 0 0 0 0 0 0 0 0 0 0 0 0 0 0 0 0 0 0 0 0
0 0 0 0 8 9 9 9 9 9 9 9 9 9 9 9 8 0 0 0 0 0 0 0 0 0 0 0 0 0 0 0 0 0 1 1 1 1 1 1 1 1 1 1 1 5 7 7 7 7 7 7 6 1 1 5 7 7 7 7 7 6 1 1 1 1 1 1 5 7 7 7 7 7 6 0 0 0 0 0 0 0 0 0 0 0 0 0 0 0 0 0 0 0 0 0 0 0 0 0 0 0 0 0 0 0 0 0 0 0 0 0 0 0 0 0 0 0 0 0 0 0 0 0 0 0 0 0 0 0
0 0 0 0 8 9 9 9 9 9 9 9 9 9 9 9 8 0 0 0 0 0 0 0 0 0 0 0 0 0 0 0 0 0 0 0 0 0 0 0 0 0 1 0 0 0 0 0 0 0 0 0 0 0 0 0 0 0 0 0 0 0 0 0 1 0 0 0 0 0 0 0 0 0 0 0 0 0 0 0 0 0 0 0 0 0 0 0 0 0 0 0 0 0 0 0 0 0 0 0 0 0 0 0 0 0 0 0 0 0 0 0 0 0 0 0 0 0 0 0 0 0 0 0 0 0 0 0 0 0
0 0 0 0 8 9 9 9 9 9 21 12 9 9 9 9 8 0 0 0 0 0 0 0 0 0 0 0 0 0 0 0 0 0 0 0 0 0 0 0 0 0 1 0 0 0 0 0 0 0 0 0 0 0 3 7 7 7 7 7 7 4 0 0 1 0 0 0 3 7 7 7 7 7 4 0 0 0 0 0 0 0 0 0 0 0 0 0 0 0 0 0 0 0 0 0 0 0 0 0 0 0 0 0 0 0 0 0 0 0 0 0 0 0 0 0 0 0 0 0 0 0 0 0 0 0 0 0 0 0
0 0 0 0 8 9 9 9 9 9 21 13 9 9 9 9 8 0 0 0 0 0 0 0 0 0 0 0 0 0 0 0 0 0 0 0 0 0 0 0 0 0 1 0 0 0 0 0 0 0 0 0 0 0 8 9 21 11 16 20 11 8 0 0 1 1 1 1 8 9 9 22 11 9 8 0 0 0 0 0 0 0 0 0 0 0 0 0 0 0 0 0 0 0 0 0 0 0 0 0 0 0 0 0 0 0 0 0 0 0 0 0 0 0 0 0 0 0 0 0 0 0 0 0 0 0 0 0 0 0
0 0 0 0 8 9 9 9 9 9 21 14 9 9 9 9 8 0 0 0 0 0 0 0 0 0 0 0 0 0 0 0 0 0 0 0 0 0 0 0 0 0 1 0 0 0 0 0 0 0 0 0 0 0 8 9 9 9 9 9 9 8 0 0 1 0 0 0 8 9 9 9 9 9 8 0 0 0 0 0 0 0 0 0 0 0 0 0 0 0 0 0 0 0 0 0 0 0 0 0 0 0 0 0 0 0 0 0 0 0 0 0 0 0 0 0 0 0 0 0 0 0 0 0 0 0 0 0 0 0
0 0 0 0 8 9 9 9 9 9 21 15 9 9 9 9 8 0 0 0 0 0 0 0 0 0 0 0 0 0 0 0 0 0 3 7 7 7 7 7 7 4 1 3 7 7 7 7 7 4 0 0 0 0 5 7 7 7 7 7 7 6 0 0 1 0 0 0 5 7 7 7 7 7 6 0 0 0 0 0 0 0 0 0 0 0 0 0 0 0 0 0 0 0 0 0 0 0 0 0 0 0 0 0 0 0 0 0 0 0 0 0 0 0 0 0 0 0 0 0 0 0 0 0 0 0 0 0 0 0
0 0 0 0 8 9 9 9 9 9 21 16 9 9 9 9 8 0 0 0 0 0 0 0 0 0 0 0 0 0 0 0 0 0 8 9 9 9 9 9 9 8 1 8 9 9 9 9 9 8 0 0 0 0 0 0 0 0 0 1 1 1 1 1 1 0 0 0 0 0 0 0 0 0 0 0 0 0 0 0 0 0 0 0 0 0 0 0 0 0 0 0 0 0 0 0 0 0 0 0 0 0 0 0 0 0 0 0 0 0 0 0 0 0 0 0 0 0 0 0 0 0 0 0 0 0 0 0 0 0
0 0 0 0 8 9 9 9 9 9 21 17 9 9 9 9 8 0 0 0 0 0 0 0 0 0 0 0 0 0 0 0 0 0 8 9 9 21 11 14 9 8 1 8 21 11 16 20 12 8 0 0 0 0 0 0 0 0 0 0 0 0 0 0 1 3 7 7 7 7 7 4 0 0 0 0 0 0 0 0 0 0 0 0 0 0 0 0 0 0 0 0 0 0 0 0 0 0 0 0 0 0 0 0 0 0 0 0 0 0 0 0 0 0 0 0 0 0 0 0 0 0 0 0 0 0 0 0 0 0
0 0 0 0 8 9 9 9 9 9 21 18 9 9 9 9 8 0 0 0 0 0 0 0 0 0 0 0 0 0 0 0 0 0 8 9 9 9 9 9 9 8 1 8 9 9 9 9 9 8 0 0 0 0 0 0 0 0 0 0 0 0 0 0 1 8 9 9 9 9 9 8 0 0 0 0 0 0 0 0 0 0 0 0 0 0 0 0 0 0 0 0 0 0 0 0 0 0 0 0 0 0 0 0 0 0 0 0 0 0 0 0 0 0 0 0 0 0 0 0 0 0 0 0 0 0 0 0 0 0
0 0 0 0 8 9 9 9 9 9 21 19 9 9 9 9 8 0 0 0 0 0 0 0 0 0 0 0 0 0 0 0 0 0 8 9 9 9 9 9 9 8 1 5 7 7 7 7 7 6 0 0 0 0 0 0 0 0 0 0 0 0 0 0 1 8 9 9 9 9 9 8 0 0 0 0 0 0 0 0 0 0 0 0 0 0 0 0 0 0 0 0 0 0 0 0 0 0 0 0 0 0 0 0 0 0 0 0 0 0 0 0 0 0 0 0 0 0 0 0 0 0 0 0 0 0 0 0 0 0
0 0 0 0 8 9 9 9 9 9 9 9 9 9 9 9 8 0 0 0 0 0 0 0 0 0 0 0 0 0 0 0 0 0 8 9 9 9 9 9 9 8 1 0 0 0 0 0 0 0 0 0 0 0 0 0 0 0 0 0 0 0 0 0 1 8 9 9 22 12 9 8 0 0 0 0 0 0 0 0 0 0 0 0 0 0 0 0 0 0 0 0 0 0 0 0 0 0 0 0 0 0 0 0 0 0 0 0 0 0 0 0 0 0 0 0 0 0 0 0 0 0 0 0 0 0 0 0 0 0
0 0 0 0 8 9 9 9 9 9 9 9 9 9 9 9 8 0 0 0 0 0 0 0 0 0 0 0 0 0 0 0 0 0 5 7 7 7 7 7 7 6 1 3 7 7 7 7 7 7 4 0 0 0 3 7 7 7 7 7 7 4 0 0 1 8 9 9 9 9 9 8 0 0 0 0 0 3 7 7 7 7 7 7 7 7 7 7 4 0 0 3 7 7 7 7 7 7 7 7 7 7 7 7 7 7 7 7 7 7 7 7 7 7 7 7 7 4 0 0 0 0 0 0 0 0 0 0 0 0
0 0 0 0 8 9 9 9 9 9 9 9 9 9 9 9 8 0 0 0 0 0 0 0 0 0 0 0 0 0 0 0 0 0 0 0 0 0 0 0 0 0 1 8 9 9 21 11 13 9 8 0 0 0 8 9 9 21 11 15 9 8 0 0 1 8 9 9 9 9 9 8 0 0 0 0 0 8 9 9 9 9 9 9 9 9 9 9 8 0 0 8 9 9 9 9 9 9 9 9 9 9 9 9 9 9 9 9 9 9 9 9 9 9 9 9 9 8 0 0 0 0 0 0 0 0 0 0 0 0
0 0 0 0 5 7 7 7 7 7 7 7 7 7 7 7 6 0 0 0 0 0 0 0 0 0 0 0 0 0 0 0 0 0 0 0 0 0 0 0 0 0 1 5 7 7 7 7 7 7 6 0 0 0 5 7 7 7 7 7 7 6 0 0 1 5 7 7 7 7 7 6 0 0 0 0 0 8 9 9 9 9 9 9 9 9 9 9 8 0 0 8 9 9 9 9 9 9 9 9 9 9 9 9 9 9 9 9 9 9 9 9 9 9 9 9 9 8 0 0 0 0 0 0 0 0 0 0 0 0
1 1 1 1 1 1 1 1 1 1 1 1 1 1 1 1 1 1 1 1 1 1 1 1 1 1 1 1 1 1 1 1 1 1 1 1 1 1 1 1 1 1 1 1 1 1 1 1 1 1 1 1 1 1 1 1 1 1 1 1 1 1 1 1 1 1 1 1 1 1 1 1 1 0 0 0 0 8 9 9 9 9 9 9 9 9 9 9 8 0 0 8 9 9 9 9 9 9 9 9 9 9 9 9 9 9 9 9 9 9 9 9 9 9 9 9 9 8 0 0 0 0 0 0 0 0 0 0 0 0
0 0 0 0 0 0 0 0 0 0 0 0 0 0 0 0 0 1 3 7 7 7 7 7 7 7 4 0 0 0 0 0 0 0 0 0 0 0 0 0 0 0 0 1 3 7 7 7 7 4 1 3 7 7 7 7 7 7 7 4 1 1 3 7 7 7 4 1 3 7 7 7 4 1 0 0 0 8 9 9 9 9 9 9 9 9 9 9 8 0 0 8 9 9 9 9 9 9 9 9 9 9 9 9 9 9 9 9 9 9 9 9 9 9 9 9 9 8 0 0 0 0 0 0 0 0 0 0 0 0 
0 0 0 0 0 0 0 0 0 0 0 0 0 0 0 0 0 1 8 9 9 9 9 9 9 9 8 0 0 0 0 0 0 0 0 0 0 0 0 0 0 0 0 1 8 9 9 9 9 8 1 8 9 9 9 9 9 9 9 8 1 1 8 9 9 9 8 1 8 9 22 9 8 1 0 0 0 8 9 9 9 22 14 20 11 9 9 9 8 0 0 8 9 9 9 9 9 9 9 9 9 9 9 22 14 20 12 9 9 9 9 9 9 9 9 9 9 8 0 0 0 0 0 0 0 0 0 0 0 0 
0 0 0 0 0 0 0 3 7 7 7 7 7 7 7 7 4 1 8 9 9 21 11 10 9 9 8 0 0 0 0 3 7 7 7 7 7 7 7 7 7 7 4 1 8 9 23 21 9 8 1 8 9 9 9 21 11 12 9 8 1 1 8 9 22 9 8 1 8 9 13 9 8 1 0 0 0 8 9 9 9 9 9 9 9 9 9 9 8 0 0 8 9 9 9 9 9 9 9 9 9 9 9 9 9 9 9 9 9 9 9 9 9 9 9 9 9 8 0 0 0 0 0 0 0 0 0 0 0 0 
0 0 0 0 0 0 0 8 9 9 9 9 9 9 9 9 8 1 8 9 9 9 9 9 9 9 8 0 0 0 0 8 9 9 9 9 21 11 11 9 9 9 8 1 8 9 9 9 9 8 1 8 9 9 9 9 9 9 9 8 1 1 8 9 13 9 8 1 8 9 20 9 8 1 0 0 0 8 9 9 9 9 9 9 9 9 9 9 8 0 0 8 9 9 9 9 9 9 9 9 9 9 9 9 9 9 9 9 9 9 9 9 9 9 9 9 9 8 0 0 0 0 0 0 0 0 0 0 0 0 
0 0 0 0 0 0 0 8 9 9 9 9 9 9 9 9 8 1 5 7 7 7 7 7 7 7 6 0 0 0 0 8 9 9 9 9 9 9 9 9 9 9 8 1 8 9 9 9 9 8 1 8 9 9 9 9 9 9 9 8 1 1 8 9 9 9 8 1 8 9 11 9 8 1 0 0 0 8 9 9 9 9 9 9 9 9 9 9 8 0 0 8 9 9 9 9 9 9 9 9 9 9 9 9 9 9 9 9 9 9 9 9 9 9 9 9 9 8 0 0 0 0 0 0 0 0 0 0 0 0 
0 0 0 0 0 0 0 8 9 9 9 9 9 9 9 9 8 1 0 0 0 0 0 0 0 0 0 0 0 0 0 5 7 7 7 7 7 7 7 7 7 7 6 1 5 7 7 7 7 6 1 5 7 7 7 7 7 7 7 6 1 1 5 7 7 7 6 1 5 7 7 7 6 1 0 0 0 5 7 7 7 7 7 7 7 7 7 7 6 0 0 5 7 7 7 7 7 7 7 7 7 7 7 7 7 7 7 7 7 7 7 7 7 7 7 7 7 6 0 0 0 0 0 0 0 0 0 0 0 0 
0 0 0 0 0 0 0 8 9 9 9 23 12 11 9 9 8 1 1 1 1 1 1 1 1 1 1 1 1 1 1 1 1 1 1 1 1 1 1 1 1 1 1 1 1 1 1 1 1 1 1 1 1 1 1 1 1 1 1 1 1 1 1 1 1 1 1 1 1 1 1 1 1 1 1 1 1 1 1 1 1 1 1 1 1 1 1 1 1 1 1 1 1 1 1 1 1 1 1 1 1 1 1 1 1 1 1 1 1 1 1 1 1 1 1 1 1 1 1 1 1 1 1 1 1 1 1 1 1 1
0 0 0 0 0 0 0 8 9 9 9 9 9 9 9 9 8 1 0 0 0 0 0 0 0 0 0 0 0 0 0 0 0 0 0 0 0 0 1 1 0 0 0 0 0 0 0 3 7 7 7 7 7 7 7 7 7 4 0 0 1 3 7 7 7 7 7 7 7 7 7 7 7 4 1 0 0 0 0 0 0 0 0 0 0 0 1 0 3 7 7 7 7 4 0 0 1 3 7 7 7 7 7 4 0 0 3 7 7 7 7 7 7 7 7 7 7 7 7 7 7 7 7 7 7 7 7 7 7 4
0 0 0 0 0 0 0 8 9 9 9 9 9 9 9 9 8 1 0 0 0 0 0 0 0 0 0 0 0 0 0 0 0 0 0 0 0 0 1 1 0 0 0 0 0 0 0 8 9 9 9 23 11 20 11 9 9 8 0 0 1 8 9 9 22 18 20 11 9 3 7 7 7 6 1 0 0 0 0 0 0 0 0 0 0 0 1 0 8 22 17 20 13 8 0 0 1 8 9 22 17 20 11 8 0 0 8 9 9 9 9 9 9 9 9 9 9 9 9 9 9 9 9 9 9 9 9 9 9 8
0 0 0 0 0 0 0 8 9 9 9 9 9 9 9 9 8 1 0 0 0 0 0 0 0 0 0 0 0 0 0 0 0 0 0 0 0 0 1 1 0 0 0 0 0 0 0 5 7 7 7 7 7 7 7 7 7 6 0 0 1 5 7 7 7 7 7 7 7 6 3 7 7 4 1 0 0 0 0 0 0 0 0 0 0 0 1 0 5 7 7 7 7 6 0 0 1 5 7 7 7 7 7 6 0 0 8 9 9 9 9 9 9 9 9 9 9 9 9 9 9 9 9 9 9 9 9 9 9 8
0 0 0 0 0 0 0 5 7 7 7 7 7 7 7 7 6 1 0 0 0 0 0 0 0 0 0 0 0 0 0 0 0 0 0 0 0 0 1 1 0 0 0 0 0 0 0 1 1 1 1 1 1 0 0 0 0 0 0 0 1 0 0 0 0 0 0 0 0 0 8 9 22 8 1 0 0 0 0 0 0 0 0 0 0 0 1 0 0 0 0 0 0 0 0 0 1 0 0 0 0 0 0 0 0 0 8 9 9 9 9 9 9 9 9 9 9 9 9 9 9 9 9 9 9 9 9 9 9 8
0 0 0 0 0 0 1 1 1 1 1 1 1 1 1 1 1 1 0 0 0 0 0 0 0 0 0 0 0 0 0 0 0 0 0 0 0 0 1 1 0 0 0 0 0 0 0 1 1 1 1 1 1 3 7 7 7 7 7 4 1 0 0 0 0 0 0 0 0 0 8 9 18 8 1 0 0 0 0 0 0 0 0 0 0 0 1 0 0 0 0 0 0 0 0 0 1 3 7 7 7 7 7 4 0 0 8 9 9 9 9 9 9 9 9 9 9 9 9 9 9 9 9 9 9 9 9 9 9 8
0 0 3 7 7 7 7 7 7 4 1 3 7 7 7 7 4 1 0 0 0 0 0 0 0 0 0 0 3 7 7 7 7 7 4 0 0 0 1 1 0 0 0 0 0 0 0 1 1 1 1 1 1 8 9 23 11 20 12 8 1 0 0 0 0 0 0 0 0 0 8 9 20 8 1 3 7 7 7 7 4 0 0 0 0 0 1 0 0 0 0 0 0 0 0 0 0 8 9 9 9 9 9 8 0 0 8 9 9 9 9 9 9 9 9 9 9 9 9 9 9 9 9 9 9 9 9 9 9 8
0 0 8 9 9 23 11 18 9 8 1 8 9 23 12 10 8 1 0 0 0 0 0 0 0 0 0 0 8 9 23 11 14 9 8 0 0 0 1 1 0 0 0 0 0 0 0 1 1 1 1 1 1 5 7 7 7 7 7 6 1 0 0 0 0 0 0 0 0 0 8 9 13 8 1 8 9 9 9 9 8 0 0 0 0 0 1 0 0 0 0 0 0 0 0 0 0 8 9 22 17 20 12 8 0 0 8 9 9 9 9 9 9 9 9 9 22 17 20 14 9 9 9 9 9 9 9 9 9 8
0 0 8 9 9 23 11 19 9 8 0 8 9 9 9 9 8 1 0 0 0 0 0 0 0 0 0 0 8 9 9 9 9 9 8 0 0 0 1 1 3 7 7 7 4 0 0 1 1 1 1 1 1 0 0 0 0 3 7 4 1 0 0 0 0 0 0 0 0 0 5 7 7 6 1 8 22 18 20 14 8 0 0 0 0 0 1 0 0 0 0 0 0 0 0 0 0 8 9 9 9 9 9 8 0 0 8 9 9 9 9 9 9 9 9 9 9 9 9 9 9 9 9 9 9 9 9 9 9 8
0 0 5 7 7 7 7 7 7 6 0 5 7 7 7 7 6 1 0 0 0 0 0 0 0 0 0 0 5 7 7 7 7 7 6 0 0 0 1 1 8 9 23 19 8 0 0 1 1 1 1 1 1 0 0 0 0 8 23 8 1 3 7 7 7 7 7 7 7 7 7 7 7 4 1 8 9 9 9 9 8 0 0 0 0 0 1 0 0 0 0 0 0 0 0 0 0 8 9 9 9 9 9 8 0 0 8 9 9 9 9 9 9 9 9 9 9 9 9 9 9 9 9 9 9 9 9 9 9 8
0 0 0 0 0 0 0 0 0 0 0 0 0 0 0 0 0 1 0 0 0 0 0 0 0 0 0 1 1 1 1 1 1 1 1 1 1 1 1 1 8 9 9 9 8 0 0 1 1 1 1 1 1 0 0 0 0 8 11 8 1 8 9 9 9 9 22 18 20 12 9 9 9 8 1 5 7 7 7 7 6 0 0 0 0 0 1 0 0 0 0 0 0 0 0 0 0 5 7 7 7 7 7 6 0 0 8 9 9 9 9 9 9 9 9 9 9 9 9 9 9 9 9 9 9 9 9 9 9 8
0 0 0 0 0 0 0 0 0 0 0 0 0 0 0 0 0 1 0 0 0 0 0 0 0 0 0 1 0 0 1 1 1 0 0 0 0 0 0 1 5 7 7 7 6 0 0 1 1 1 1 1 1 0 0 0 0 8 20 8 1 5 7 7 7 7 7 7 7 7 7 7 7 6 1 0 0 0 0 0 0 0 0 0 0 0 1 0 0 0 0 0 0 0 0 0 0 0 0 0 0 0 0 0 0 0 8 9 9 9 9 9 9 9 9 9 9 9 9 9 9 9 9 9 9 9 9 9 9 8
0 0 0 0 0 0 0 0 0 0 0 0 0 0 0 0 0 1 1 1 1 1 1 1 1 1 1 1 1 1 1 1 1 1 1 1 1 1 1 1 1 1 1 1 1 1 1 1 1 1 1 1 1 0 0 0 0 8 17 8 1 0 0 0 1 0 0 0 0 0 0 0 0 0 1 0 0 0 0 0 0 0 0 0 0 0 1 0 0 0 0 0 0 0 0 0 0 0 0 0 0 0 0 0 0 0 8 9 9 9 9 9 9 9 9 9 9 9 9 9 9 9 9 9 9 9 9 9 9 8
0 0 0 0 0 0 0 0 0 0 0 0 0 0 3 7 7 7 7 7 7 4 1 0 0 0 0 0 0 3 7 7 7 7 7 7 7 4 1 0 0 0 0 0 0 0 0 0 1 1 1 1 1 0 0 0 0 5 7 6 1 0 0 0 1 0 0 0 0 0 0 0 0 0 1 3 7 7 7 7 4 1 3 7 4 0 1 0 0 0 0 0 0 0 0 0 0 0 0 0 0 0 0 0 0 0 8 9 9 9 9 9 9 9 9 9 9 9 9 9 9 9 9 9 9 9 9 9 9 8
0 0 0 0 0 0 0 0 0 0 0 0 0 0 8 9 9 9 9 9 9 8 1 0 0 0 0 0 0 8 9 9 9 9 9 9 9 8 1 0 0 0 0 0 0 0 0 0 1 1 1 1 1 3 7 7 7 7 7 4 1 1 1 1 1 1 1 1 0 0 0 0 0 0 1 8 9 9 9 9 8 1 8 22 8 0 1 0 0 0 0 0 0 0 0 0 0 0 0 0 0 0 0 0 0 0 5 7 7 7 7 7 7 7 7 7 7 7 7 7 7 7 7 7 7 7 7 7 7 6
0 0 0 0 0 0 0 0 0 0 0 0 0 0 8 9 9 23 11 17 9 8 1 0 0 0 0 0 0 8 9 9 9 23 18 9 9 8 1 0 0 0 0 0 0 0 0 0 0 0 0 0 0 8 9 23 11 20 13 8 1 1 1 1 1 1 1 1 0 0 0 0 0 0 1 8 22 18 20 15 8 1 8 18 8 0 1 0 0 0 0 0 0 0 0 0 0 0 0 0 0 0 0 0 0 0 0 0 0 0 0 0 0 0 0 0 0 0 0 0 0 0 0 0 0 0 0 0 0 0
0 0 0 0 0 0 0 0 0 0 0 0 0 0 8 9 9 9 9 9 9 8 1 0 0 0 0 0 0 8 9 9 9 9 9 9 9 8 1 0 0 0 0 0 0 0 0 0 0 0 0 0 0 5 7 7 7 7 7 6 1 0 0 0 0 0 0 0 3 7 7 7 7 4 1 8 9 9 9 9 8 1 8 20 8 0 1 1 1 1 1 1 1 1 0 0 0 0 0 0 0 0 0 0 0 0 0 0 0 0 0 0 0 0 0 0 0 0 0 0 0 0 0 0 0 0 0 0 0 0
0 0 0 0 0 0 0 0 0 0 0 0 0 0 8 9 9 9 9 9 9 8 1 0 0 0 0 0 0 8 9 9 9 9 9 9 9 8 1 3 7 7 7 4 0 3 7 7 7 4 0 0 3 7 7 7 7 7 7 4 1 0 0 0 0 0 0 0 8 9 9 9 9 8 1 5 7 7 7 7 6 1 8 18 8 0 1 0 0 0 0 0 1 0 0 0 0 0 0 0 0 0 0 0 0 0 0 0 0 0 0 0 0 0 0 0 0 0 0 0 0 0 0 0 0 0 0 0 0 0
0 0 0 0 0 0 0 0 0 0 0 0 0 0 8 9 9 9 9 9 9 8 1 0 0 0 0 0 0 5 7 7 7 7 7 7 7 6 1 8 9 23 13 8 0 8 9 23 12 8 0 0 8 9 23 11 20 14 9 8 1 0 3 7 7 7 7 7 6 9 9 9 9 8 1 1 1 1 1 1 1 1 8 9 8 0 1 0 0 0 0 0 1 0 0 0 0 0 0 0 0 0 0 0 0 0 0 0 0 0 0 0 0 0 0 0 0 0 0 0 0 0 0 0 0 0 0 0 0 0
0 0 0 0 0 0 0 0 0 0 0 0 0 0 8 9 9 9 9 9 9 8 1 0 0 0 0 0 0 0 0 0 0 0 0 0 0 0 1 5 7 7 7 6 0 5 7 7 7 6 0 0 5 7 7 7 7 7 7 6 1 0 8 9 9 9 9 22 18 20 17 9 9 8 1 3 7 7 7 7 4 1 5 7 6 0 1 0 0 0 0 3 7 7 4 0 0 0 0 0 0 0 0 0 0 0 0 0 0 0 0 0 0 0 0 0 0 0 0 0 0 0 0 0 0 0 0 0 0 0
0 0 0 0 0 0 0 0 0 0 0 0 0 0 5 7 7 7 7 7 7 6 1 0 0 0 0 0 0 0 0 0 0 0 0 0 0 0 1 1 1 1 1 1 1 1 1 1 1 1 1 1 1 1 1 1 1 1 1 1 1 1 5 7 7 7 7 7 7 7 7 7 7 6 1 8 22 18 20 16 8 0 0 0 0 0 1 0 0 0 0 8 9 9 8 0 0 0 0 0 0 0 0 0 0 0 0 0 0 0 0 0 0 0 0 0 0 0 0 0 0 0 0 0 0 0 0 0 0 0
0 0 0 0 0 0 0 0 0 0 0 0 0 0 0 0 0 0 0 0 0 0 1 0 0 0 0 0 0 0 0 0 0 0 0 0 0 0 3 7 7 7 7 7 4 1 0 0 0 0 3 7 7 7 7 7 7 4 0 0 1 0 0 0 0 0 0 0 0 0 0 0 0 0 1 5 7 4 9 9 8 0 0 0 0 0 1 0 0 0 0 8 9 9 8 0 0 0 0 0 0 0 0 0 0 0 0 0 0 0 0 0 0 0 0 0 0 0 0 0 0 0 0 0 0 0 0 0 0 0
0 0 0 0 0 0 0 0 0 0 0 0 0 0 0 0 0 0 0 0 0 0 1 0 0 0 0 0 0 0 0 0 0 0 0 0 0 0 8 9 23 14 20 11 8 1 0 0 0 0 8 9 23 11 20 15 9 8 0 0 1 0 0 0 0 0 0 0 0 3 7 7 7 4 1 0 0 8 9 9 8 0 0 0 0 0 1 0 0 0 0 8 9 9 8 0 0 0 0 0 0 0 0 0 0 0 0 0 0 0 0 0 0 0 0 0 0 0 0 0 0 0 0 0 0 0 0 0 0 0
0 0 0 0 0 0 0 0 0 0 0 0 0 0 0 0 0 0 0 0 0 0 1 0 0 0 0 0 0 0 0 0 0 0 0 0 0 0 8 9 9 9 9 9 8 1 0 0 0 0 8 9 9 9 9 9 9 8 0 0 1 1 1 1 1 1 1 1 1 8 9 22 9 8 1 0 0 8 9 9 8 0 0 0 0 0 0 3 7 7 7 6 9 9 8 0 0 0 0 0 0 0 0 0 0 0 0 0 0 0 0 0 0 0 0 0 0 0 0 0 0 0 0 0 0 0 0 0 0 0
0 0 0 0 0 0 0 0 0 0 0 0 0 0 0 0 0 0 0 0 0 0 1 0 0 0 0 0 0 0 0 0 0 0 0 0 0 0 5 7 7 7 7 7 6 1 0 0 0 0 5 7 7 7 7 7 7 6 0 0 1 0 0 3 7 7 7 7 4 8 9 11 9 8 1 0 0 5 7 7 6 0 0 0 0 0 1 8 9 22 18 20 11 11 8 0 0 0 0 0 0 0 0 0 0 0 0 0 0 0 0 0 0 0 0 0 0 0 0 0 0 0 0 0 0 0 0 0 0 0
0 0 0 0 0 0 0 0 0 0 0 0 0 0 0 0 0 0 0 0 0 0 1 0 0 0 0 0 0 0 0 0 0 0 0 0 0 0 0 0 0 0 0 0 0 1 0 0 0 0 0 0 0 0 0 0 0 0 0 0 1 0 0 8 9 9 22 19 8 8 9 10 9 8 1 0 0 0 0 0 0 0 0 0 0 0 1 8 9 9 9 9 9 9 8 0 0 0 0 0 0 0 0 0 0 0 0 0 0 0 0 0 0 0 0 0 0 0 0 0 0 0 0 0 0 0 0 0 0 0
0 0 0 0 0 0 0 0 0 0 0 0 0 0 0 0 0 0 0 0 0 0 1 0 0 0 0 0 0 0 0 0 0 0 0 0 0 0 0 0 0 0 0 0 0 1 0 0 0 0 0 0 0 0 0 0 0 0 0 0 1 0 0 5 7 7 7 7 6 5 7 7 7 6 1 3 7 7 7 7 7 4 1 1 1 1 1 5 7 7 7 7 7 7 6 0 0 0 0 0 0 0 0 0 0 0 0 0 0 0 0 0 0 0 0 0 0 0 0 0 0 0 0 0 0 0 0 0 0 0
0 0 0 0 0 0 0 0 0 0 0 0 0 0 0 0 0 0 0 0 0 0 1 0 0 0 0 0 0 0 0 0 0 0 0 0 0 0 0 0 0 0 0 0 0 1 0 0 0 0 0 0 0 0 0 0 0 0 0 0 1 0 0 0 0 0 0 0 0 0 0 0 0 0 1 8 22 18 20 11 10 8 0 0 0 0 0 0 0 0 0 0 0 0 0 0 0 0 0 0 0 0 0 0 0 0 0 0 0 0 0 0 0 0 0 0 0 0 0 0 0 0 0 0 0 0 0 0 0 0
0 0 0 0 0 0 0 0 0 0 0 0 0 0 0 0 0 0 0 0 0 0 1 0 0 0 0 0 0 0 0 0 0 0 0 0 0 0 0 0 0 0 0 0 0 1 0 0 0 0 0 0 0 0 0 0 0 0 0 0 1 0 0 0 0 0 0 0 0 0 0 0 0 0 1 5 7 7 7 7 7 6 0 0 0 0 0 0 0 0 0 0 0 0 0 0 0 0 0 0 0 0 0 0 0 0 0 0 0 0 0 0 0 0 0 0 0 0 0 0 0 0 0 0 0 0 0 0 0 0
0 0 0 0 0 0 0 0 0 0 0 0 0 0 0 0 0 0 0 0 0 0 1 0 0 0 0 0 0 0 0 0 0 0 0 0 0 0 3 7 7 7 7 7 4 1 1 1 1 1 1 1 1 1 1 1 1 1 1 1 1 0 0 0 0 0 0 0 0 0 0 0 0 0 1 0 0 0 0 0 0 0 0 0 0 0 0 0 0 0 0 0 0 0 0 0 0 0 0 0 0 0 0 0 0 0 0 0 0 0 0 0 0 0 0 0 0 0 0 0 0 0 0 0 0 0 0 0 0 0
0 0 0 0 0 0 0 0 0 0 0 0 0 0 0 0 0 0 0 0 0 0 1 0 0 0 0 0 0 0 0 0 0 0 0 0 0 0 8 9 23 14 20 12 8 0 0 0 0 0 0 0 0 0 0 0 0 0 0 0 1 0 0 0 0 0 0 0 0 0 0 0 0 0 1 0 0 0 0 0 0 0 0 0 0 0 0 0 0 0 0 0 0 0 0 0 0 0 0 0 0 0 0 0 0 0 0 0 0 0 0 0 0 0 0 0 0 0 0 0 0 0 0 0 0 0 0 0 0 0
0 0 0 0 0 0 0 0 0 0 0 0 0 0 0 0 0 0 0 0 0 0 1 0 0 0 0 0 0 0 0 0 0 0 0 0 0 0 8 9 9 9 9 9 8 0 0 0 0 0 0 0 0 0 0 0 0 0 0 0 1 1 1 1 1 1 1 1 1 1 1 1 1 1 1 0 0 0 0 0 0 0 0 0 0 0 0 0 0 0 0 0 0 0 0 0 0 0 0 0 0 0 0 0 0 0 0 0 0 0 0 0 0 0 0 0 0 0 0 0 0 0 0 0 0 0 0 0 0 0
0 0 0 0 0 0 0 0 0 0 0 0 0 0 0 0 0 0 0 0 0 0 1 0 0 0 0 0 0 0 0 0 0 0 0 0 0 0 5 7 7 7 7 7 6 0 0 0 0 0 0 0 0 0 0 0 0 0 0 0 1 0 0 0 0 0 0 0 0 0 0 0 0 0 0 0 0 0 0 0 0 0 0 0 0 0 0 0 0 0 0 0 0 0 0 0 0 0 0 0 0 0 0 0 0 0 0 0 0 0 0 0 0 0 0 0 0 0 0 0 0 0 0 0 0 0 0 0 0 0
0 0 0 0 0 0 0 0 0 0 0 0 0 0 0 0 0 0 0 0 0 0 1 0 0 0 0 0 0 0 0 0 0 0 0 0 0 0 0 0 0 0 0 0 0 0 0 0 0 0 0 0 0 0 0 0 0 0 0 0 1 0 0 0 0 0 0 0 0 0 0 0 0 0 0 0 0 0 0 0 0 0 0 0 0 0 0 0 0 0 0 0 0 0 0 0 0 0 0 0 0 0 0 0 0 0 0 0 0 0 0 0 0 0 0 0 0 0 0 0 0 0 0 0 0 0 0 0 0 0
0 0 0 0 0 0 0 0 0 0 0 0 0 0 0 0 0 0 0 0 0 0 1 0 0 0 0 0 0 0 0 0 0 0 0 0 0 0 0 0 0 0 0 0 0 0 0 0 0 0 0 0 0 0 0 0 0 0 0 0 1 0 0 0 0 0 0 0 0 0 0 0 0 0 0 0 0 0 0 0 0 0 0 0 0 0 0 0 0 0 0 0 0 0 0 0 0 0 0 0 0 0 0 0 0 0 0 0 0 0 0 0 0 0 0 0 0 0 0 0 0 0 0 0 0 0 0 0 0 0
0 0 0 0 0 0 0 0 0 0 0 0 0 0 0 0 0 0 0 0 0 0 1 0 0 0 0 0 0 0 0 0 0 0 0 0 0 0 0 0 0 0 0 0 0 0 0 0 0 0 0 0 0 0 0 0 0 0 0 0 1 0 0 0 0 0 0 0 0 0 0 0 0 0 0 0 0 0 0 0 0 0 0 0 0 0 0 0 0 0 0 0 0 0 0 0 0 0 0 0 0 0 0 0 0 0 0 0 0 0 0 0 0 0 0 0 0 0 0 0 0 0 0 0 0 0 0 0 0 0
0 0 0 0 0 0 0 0 0 0 0 0 0 0 0 0 0 0 0 0 0 0 1 0 0 0 0 0 0 0 0 0 0 0 0 0 0 0 0 0 0 0 0 0 0 0 0 0 0 0 0 0 0 0 0 0 0 0 0 0 1 0 0 0 0 0 0 0 0 0 0 0 0 0 0 0 0 0 0 0 0 0 0 0 0 0 0 0 0 0 0 0 0 0 0 0 0 0 0 0 0 0 0 0 0 0 0 0 0 0 0 0 0 0 0 0 0 0 0 0 0 0 0 0 0 0 0 0 0 0
0 0 0 0 0 0 0 0 0 0 0 0 0 0 0 0 0 0 0 0 0 0 1 0 0 0 0 0 0 0 0 0 0 0 0 0 0 0 0 0 0 0 0 0 0 0 0 0 0 0 0 0 0 0 0 0 0 0 0 0 1 0 0 0 0 0 0 0 0 0 0 0 0 0 0 0 0 0 0 0 0 0 0 0 0 0 0 0 0 0 0 0 0 0 0 0 0 0 0 0 0 0 0 0 0 0 0 0 0 0 0 0 0 0 0 0 0 0 0 0 0 0 0 0 0 0 0 0 0 0
0 0 0 0 0 0 0 0 0 0 0 0 0 0 0 0 0 0 0 0 0 0 1 0 0 0 0 0 0 0 0 0 0 0 0 0 0 0 0 0 0 0 0 0 0 0 0 0 0 0 0 0 0 0 0 0 0 0 0 0 1 0 0 0 0 0 0 0 0 0 0 0 0 0 0 0 0 0 0 0 0 0 0 0 0 0 0 0 0 0 0 0 0 0 0 0 0 0 0 0 0 0 0 0 0 0 0 0 0 0 0 0 0 0 0 0 0 0 0 0 0 0 0 0 0 0 0 0 0 0
0 0 0 0 0 0 0 0 0 0 0 0 0 0 0 0 0 0 0 0 0 0 1 0 0 0 0 0 0 0 0 0 0 0 0 0 0 0 0 0 0 0 0 0 0 0 0 0 0 0 0 0 0 0 0 0 0 0 0 0 1 0 0 0 0 0 0 0 0 0 0 0 0 0 0 0 0 0 0 0 0 0 0 0 0 0 0 0 0 0 0 0 0 0 0 0 0 0 0 0 0 0 0 0 0 0 0 0 0 0 0 0 0 0 0 0 0 0 0 0 0 0 0 0 0 0 0 0 0 0
0 0 0 0 0 0 0 0 0 0 0 0 0 0 0 0 0 0 0 0 0 0 1 0 0 0 0 0 0 0 0 0 0 0 0 0 0 0 0 0 0 0 0 0 0 0 0 0 0 0 0 0 0 0 0 0 0 0 0 0 1 0 0 0 0 0 0 0 0 0 0 0 0 0 0 0 0 0 0 0 0 0 0 0 0 0 0 0 0 0 0 0 0 0 0 0 0 0 0 0 0 0 0 0 0 0 0 0 0 0 0 0 0 0 0 0 0 0 0 0 0 0 0 0 0 0 0 0 0 0
0 0 0 0 0 0 0 0 0 0 0 0 0 0 0 0 0 0 0 0 0 0 1 0 0 0 0 0 0 0 0 0 0 0 0 0 0 0 0 0 0 0 0 0 0 0 0 0 0 0 0 0 0 0 0 0 0 0 0 0 1 0 0 0 0 0 0 0 0 0 0 0 0 0 0 0 0 0 0 0 0 0 0 0 0 0 0 0 0 0 0 0 0 0 0 0 0 0 0 0 0 0 0 0 0 0 0 0 0 0 0 0 0 0 0 0 0 0 0 0 0 0 0 0 0 0 0 0 0 0
0 0 0 0 0 0 0 0 0 0 0 0 0 0 0 0 0 0 0 0 0 0 1 0 0 0 0 0 0 0 0 0 0 0 0 0 0 0 0 0 0 0 0 0 0 0 0 0 0 0 0 0 0 0 0 0 0 0 0 0 1 0 0 0 0 0 0 0 0 0 0 0 0 0 0 0 0 0 0 0 0 0 0 0 0 0 0 0 0 0 0 0 0 0 0 0 0 0 0 0 0 0 0 0 0 0 0 0 0 0 0 0 0 0 0 0 0 0 0 0 0 0 0 0 0 0 0 0 0 0
